Cue,A media,A pos,A speed,A ramp,A zoom,A db,B media,B pos,B speed,B ramp,B zoom,B db,C media,C pos,C speed,C ramp,C zoom,C db,D media,D pos,D speed,D ramp,D zoom,D db,E media,E pos,E speed,E ramp,E zoom,E db,Notes,Matrix
BLANK,21,0.0,1.0,0.0,100.0,0.0,n,n,n,n,n,n,n,n,n,n,n,n,n,n,n,n,n,n,n,n,n,n,n,n,,0 0 1 1 0 0 2 0 0 3 0 0 4 0 0 0 1 1 1 1 0 2 1 0 3 1 0 4 1 0 0 2 0 1 2 0 2 2 0 3 2 0 4 2 0 0 3 1 1 3 0 2 3 0 3 3 0 4 3 0 0 4 0 1 4 0 2 4 0 3 4 0 4 4 0 0 5 0 1 5 0 2 5 0 3 5 0 4 5 0
streetlight screengrab,n,n,n,n,n,n,6,45.65,0.0,0.0,100.0,0.0,n,n,n,n,n,n,n,n,n,n,n,n,n,n,n,n,n,n,,0 0 0 1 0 1 2 0 0 3 0 0 4 0 0 0 1 0 1 1 1 2 1 0 3 1 0 4 1 0 0 2 0 1 2 0 2 2 0 3 2 0 4 2 0 0 3 0 1 3 1 2 3 0 3 3 0 4 3 0 0 4 0 1 4 0 2 4 0 3 4 0 4 4 0 0 5 0 1 5 0 2 5 0 3 5 0 4 5 0
a girl WALKS,6,16.58,1.0,0.0,100.0,0.0,6,45.65,0.0,0.0,100.0,0.0,n,n,n,n,n,n,n,n,n,n,n,n,n,n,n,n,n,n,"
a girl WALKS and dance / street light
",0 0 1 1 0 0 2 0 0 3 0 0 4 0 0 0 1 1 1 1 0 2 1 0 3 1 0 4 1 0 0 2 0 1 2 0 2 2 0 3 2 0 4 2 0 0 3 1 1 3 0 2 3 0 3 3 0 4 3 0 0 4 0 1 4 0 2 4 0 3 4 0 4 4 0 0 5 0 1 5 0 2 5 0 3 5 0 4 5 0
more walking ,6,33.49,1.0,0.0,100.0,0.0,n,n,n,n,n,n,n,n,n,n,n,n,n,n,n,n,n,n,n,n,n,n,n,n,,0 0 1 1 0 0 2 0 0 3 0 0 4 0 0 0 1 1 1 1 0 2 1 0 3 1 0 4 1 0 0 2 0 1 2 0 2 2 0 3 2 0 4 2 0 0 3 1 1 3 0 2 3 0 3 3 0 4 3 0 0 4 0 1 4 0 2 4 0 3 4 0 4 4 0 0 5 0 1 5 0 2 5 0 3 5 0 4 5 0
dance w balloon,6,55.25,1.0,0.0,100.0,0.0,n,n,n,n,n,n,n,n,n,n,n,n,n,n,n,n,n,n,n,n,n,n,n,n,,0 0 1 1 0 0 2 0 0 3 0 0 4 0 0 0 1 1 1 1 0 2 1 0 3 1 0 4 1 0 0 2 0 1 2 0 2 2 0 3 2 0 4 2 0 0 3 1 1 3 0 2 3 0 3 3 0 4 3 0 0 4 0 1 4 0 2 4 0 3 4 0 4 4 0 0 5 0 1 5 0 2 5 0 3 5 0 4 5 0
AGWHA TEST,6,46.84,1.0,0.0,100.0,0.0,n,n,n,n,n,n,n,n,n,n,n,n,n,n,n,n,n,n,n,n,n,n,n,n,46.84 - start of section street after party,0 0 1 1 0 0 2 0 0 3 0 0 4 0 0 0 1 1 1 1 0 2 1 0 3 1 0 4 1 0 0 2 0 1 2 0 2 2 0 3 2 0 4 2 0 0 3 1 1 3 0 2 3 0 3 3 0 4 3 0 0 4 0 1 4 0 2 4 0 3 4 0 4 4 0 0 5 0 1 5 0 2 5 0 3 5 0 4 5 0
****,n,n,n,n,n,n,n,n,n,n,n,n,n,n,n,n,n,n,n,n,n,n,n,n,n,n,n,n,n,n,,0 0 0 1 0 0 2 0 0 3 0 0 4 0 0 0 1 0 1 1 0 2 1 0 3 1 0 4 1 0 0 2 0 1 2 0 2 2 0 3 2 0 4 2 0 0 3 0 1 3 0 2 3 0 3 3 0 4 3 0 0 4 0 1 4 0 2 4 0 3 4 0 4 4 0 0 5 0 1 5 0 2 5 0 3 5 0 4 5 0
5,1,0.0,1.0,0.0,100.0,0.0,n,n,n,n,n,n,n,n,n,n,n,n,n,n,n,n,n,n,n,n,n,n,n,n,KA reading 77,0 0 1 1 0 0 2 0 0 3 0 0 4 0 0 0 1 1 1 1 0 2 1 0 3 1 0 4 1 0 0 2 0 1 2 0 2 2 0 3 2 0 4 2 0 0 3 1 1 3 0 2 3 0 3 3 0 4 3 0 0 4 0 1 4 0 2 4 0 3 4 0 4 4 0 0 5 0 1 5 0 2 5 0 3 5 0 4 5 0
Secret tape,17,18.52,1.0,0.0,100.0,0.0,n,n,n,n,n,n,n,n,n,n,n,n,n,n,n,n,n,n,n,n,n,n,n,n,interview,0 0 1 1 0 0 2 0 0 3 0 0 4 0 0 0 1 1 1 1 0 2 1 0 3 1 0 4 1 0 0 2 0 1 2 0 2 2 0 3 2 0 4 2 0 0 3 1 1 3 0 2 3 0 3 3 0 4 3 0 0 4 0 1 4 0 2 4 0 3 4 0 4 4 0 0 5 0 1 5 0 2 5 0 3 5 0 4 5 0
7,10,0.0,1.0,0.0,100.0,0.0,n,n,n,n,n,n,n,n,n,n,n,n,n,n,n,n,n,n,n,n,n,n,n,n,,0 0 1 1 0 0 2 0 0 3 0 0 4 0 0 0 1 1 1 1 0 2 1 0 3 1 0 4 1 0 0 2 0 1 2 0 2 2 0 3 2 0 4 2 0 0 3 1 1 3 0 2 3 0 3 3 0 4 3 0 0 4 0 1 4 0 2 4 0 3 4 0 4 4 0 0 5 0 1 5 0 2 5 0 3 5 0 4 5 0
12,6,57.76,1.0,0.0,100.0,0.0,n,n,n,n,n,n,n,n,n,n,n,n,n,n,n,n,n,n,n,n,n,n,n,n,2 women walking before keying car,0 0 1 1 0 0 2 0 0 3 0 0 4 0 0 0 1 1 1 1 0 2 1 0 3 1 0 4 1 0 0 2 0 1 2 0 2 2 0 3 2 0 4 2 0 0 3 1 1 3 0 2 3 0 3 3 0 4 3 0 0 4 0 1 4 0 2 4 0 3 4 0 4 4 0 0 5 0 1 5 0 2 5 0 3 5 0 4 5 0
15,6,59.87,1.0,0.0,100.0,0.0,n,n,n,n,n,n,n,n,n,n,n,n,n,n,n,n,n,n,n,n,n,n,n,n,scene btwn 2 women A girl walks home alone- Al amat and gertrude,0 0 1 1 0 0 2 0 0 3 0 0 4 0 0 0 1 1 1 1 0 2 1 0 3 1 0 4 1 0 0 2 0 1 2 0 2 2 0 3 2 0 4 2 0 0 3 1 1 3 0 2 3 0 3 3 0 4 3 0 0 4 0 1 4 0 2 4 0 3 4 0 4 4 0 0 5 0 1 5 0 2 5 0 3 5 0 4 5 0
17,6,59.21,1.0,0.0,100.0,0.0,n,n,n,n,n,n,n,n,n,n,n,n,n,n,n,n,n,n,n,n,n,n,n,n,cups,0 0 1 1 0 0 2 0 0 3 0 0 4 0 0 0 1 1 1 1 0 2 1 0 3 1 0 4 1 0 0 2 0 1 2 0 2 2 0 3 2 0 4 2 0 0 3 1 1 3 0 2 3 0 3 3 0 4 3 0 0 4 0 1 4 0 2 4 0 3 4 0 4 4 0 0 5 0 1 5 0 2 5 0 3 5 0 4 5 0
18,6,60.67,1.0,0.0,100.0,0.0,n,n,n,n,n,n,n,n,n,n,n,n,n,n,n,n,n,n,n,n,n,n,n,n,don't you feel awful working for strangers,0 0 1 1 0 0 2 0 0 3 0 0 4 0 0 0 1 1 1 1 0 2 1 0 3 1 0 4 1 0 0 2 0 1 2 0 2 2 0 3 2 0 4 2 0 0 3 1 1 3 0 2 3 0 3 3 0 4 3 0 0 4 0 1 4 0 2 4 0 3 4 0 4 4 0 0 5 0 1 5 0 2 5 0 3 5 0 4 5 0
20,13,0.0,1.0,0.0,100.0,0.0,13,0.0,1.0,0.0,100.0,0.0,n,n,n,n,n,n,n,n,n,n,n,n,n,n,n,n,n,n,thin faced man scene w greek movie,0 0 1 1 0 0 2 0 0 3 0 0 4 0 0 0 1 1 1 1 0 2 1 0 3 1 0 4 1 0 0 2 0 1 2 0 2 2 0 3 2 0 4 2 0 0 3 1 1 3 0 2 3 0 3 3 0 4 3 0 0 4 0 1 4 0 2 4 0 3 4 0 4 4 0 0 5 0 1 5 0 2 5 0 3 5 0 4 5 0
21,21,0.0,1.0,0.0,100.0,0.0,n,n,n,n,n,n,n,n,n,n,n,n,n,n,n,n,n,n,n,n,n,n,n,n,Ham/Ham maid,0 0 1 1 0 0 2 0 0 3 0 0 4 0 0 0 1 1 1 1 0 2 1 0 3 1 0 4 1 0 0 2 0 1 2 0 2 2 0 3 2 0 4 2 0 0 3 1 1 3 0 2 3 0 3 3 0 4 3 0 0 4 0 1 4 0 2 4 0 3 4 0 4 4 0 0 5 0 1 5 0 2 5 0 3 5 0 4 5 0
START ICA interview,4,18.34,1.0,0.0,100.0,0.0,n,n,n,n,n,n,n,n,n,n,n,n,n,n,n,n,n,n,n,n,n,n,n,n,Then an artist can't live these days by his art,0 0 1 1 0 0 2 0 0 3 0 0 4 0 0 0 1 1 1 1 0 2 1 0 3 1 0 4 1 0 0 2 0 1 2 0 2 2 0 3 2 0 4 2 0 0 3 1 1 3 0 2 3 0 3 3 0 4 3 0 0 4 0 1 4 0 2 4 0 3 4 0 4 4 0 0 5 0 1 5 0 2 5 0 3 5 0 4 5 0
Kathy 1 ,4,18.48,1.0,0.0,100.0,0.0,n,n,n,n,n,n,n,n,n,n,n,n,n,n,n,n,n,n,n,n,n,n,n,n,HAM Oh that's a very important point,0 0 1 1 0 0 2 0 0 3 0 0 4 0 0 0 1 1 1 1 0 2 1 0 3 1 0 4 1 0 0 2 0 1 2 0 2 2 0 3 2 0 4 2 0 0 3 1 1 3 0 2 3 0 3 3 0 4 3 0 0 4 0 1 4 0 2 4 0 3 4 0 4 4 0 0 5 0 1 5 0 2 5 0 3 5 0 4 5 0
AMR 1,4,20.15,1.0,0.0,100.0,0.0,4,20.15,1.0,0.0,100.0,0.0,n,n,n,n,n,n,n,n,n,n,n,n,n,n,n,n,n,n,but sir you don't have any money,0 0 1 1 0 0 2 0 0 3 0 0 4 0 0 0 1 1 1 1 0 2 1 0 3 1 0 4 1 0 0 2 0 1 2 0 2 2 0 3 2 0 4 2 0 0 3 1 1 3 0 2 3 0 3 3 0 4 3 0 0 4 0 1 4 0 2 4 0 3 4 0 4 4 0 0 5 0 1 5 0 2 5 0 3 5 0 4 5 0
KATHY 1,4,19.7,1.0,0.0,100.0,0.0,n,n,n,n,n,n,n,n,n,n,n,n,n,n,n,n,n,n,n,n,n,n,n,n,so what are you a materialist,0 0 1 1 0 0 2 0 0 3 0 0 4 0 0 0 1 1 1 1 0 2 1 0 3 1 0 4 1 0 0 2 0 1 2 0 2 2 0 3 2 0 4 2 0 0 3 1 1 3 0 2 3 0 3 3 0 4 3 0 0 4 0 1 4 0 2 4 0 3 4 0 4 4 0 0 5 0 1 5 0 2 5 0 3 5 0 4 5 0
AMR 2,n,n,n,n,n,n,4,21.39,1.0,0.0,100.0,0.0,n,n,n,n,n,n,n,n,n,n,n,n,n,n,n,n,n,n,yes yes i agree,0 0 0 1 0 1 2 0 0 3 0 0 4 0 0 0 1 0 1 1 1 2 1 0 3 1 0 4 1 0 0 2 0 1 2 0 2 2 0 3 2 0 4 2 0 0 3 0 1 3 1 2 3 0 3 3 0 4 3 0 0 4 0 1 4 0 2 4 0 3 4 0 4 4 0 0 5 0 1 5 0 2 5 0 3 5 0 4 5 0
KATHY 2,4,20.83,1.0,0.0,100.0,0.0,n,n,n,n,n,n,n,n,n,n,n,n,n,n,n,n,n,n,n,n,n,n,n,n,HAM: ...if it's not money that matters,0 0 1 1 0 0 2 0 0 3 0 0 4 0 0 0 1 1 1 1 0 2 1 0 3 1 0 4 1 0 0 2 0 1 2 0 2 2 0 3 2 0 4 2 0 0 3 1 1 3 0 2 3 0 3 3 0 4 3 0 0 4 0 1 4 0 2 4 0 3 4 0 4 4 0 0 5 0 1 5 0 2 5 0 3 5 0 4 5 0
AMR 3,4,21.53,1.0,0.0,100.0,0.0,n,n,n,n,n,n,n,n,n,n,n,n,n,n,n,n,n,n,n,n,n,n,n,n,HAM maid: but not their money,0 0 1 1 0 0 2 0 0 3 0 0 4 0 0 0 1 1 1 1 0 2 1 0 3 1 0 4 1 0 0 2 0 1 2 0 2 2 0 3 2 0 4 2 0 0 3 1 1 3 0 2 3 0 3 3 0 4 3 0 0 4 0 1 4 0 2 4 0 3 4 0 4 4 0 0 5 0 1 5 0 2 5 0 3 5 0 4 5 0
KATHY 3,4,21.8,1.0,0.0,100.0,0.0,n,n,n,n,n,n,n,n,n,n,n,n,n,n,n,n,n,n,n,n,n,n,n,n,"the mental world is the cause of the physical one
",0 0 1 1 0 0 2 0 0 3 0 0 4 0 0 0 1 1 1 1 0 2 1 0 3 1 0 4 1 0 0 2 0 1 2 0 2 2 0 3 2 0 4 2 0 0 3 1 1 3 0 2 3 0 3 3 0 4 3 0 0 4 0 1 4 0 2 4 0 3 4 0 4 4 0 0 5 0 1 5 0 2 5 0 3 5 0 4 5 0
AMR 4,4,23.45,1.0,0.0,100.0,0.0,n,n,n,n,n,n,n,n,n,n,n,n,n,n,n,n,n,n,n,n,n,n,n,n,HAM maid:MOTHER EARTH'S GOING TO LOVE THAT ONE,0 0 1 1 0 1 2 0 0 3 0 0 4 0 0 0 1 1 1 1 1 2 1 0 3 1 0 4 1 0 0 2 0 1 2 0 2 2 0 3 2 0 4 2 0 0 3 1 1 3 1 2 3 0 3 3 0 4 3 0 0 4 0 1 4 0 2 4 0 3 4 0 4 4 0 0 5 0 1 5 0 2 5 0 3 5 0 4 5 0
KATHY 4,4,23.68,1.0,0.0,100.0,0.0,n,n,n,n,n,n,n,n,n,n,n,n,n,n,n,n,n,n,n,n,n,n,n,n,shut up dont i pay your wages ,0 0 1 1 0 0 2 0 0 3 0 0 4 0 0 0 1 1 1 1 0 2 1 0 3 1 0 4 1 0 0 2 0 1 2 0 2 2 0 3 2 0 4 2 0 0 3 1 1 3 0 2 3 0 3 3 0 4 3 0 0 4 0 1 4 0 2 4 0 3 4 0 4 4 0 0 5 0 1 5 0 2 5 0 3 5 0 4 5 0
AMR 5,4,7.16,1.0,0.0,100.0,0.0,4,24.43,1.0,0.0,100.0,0.0,n,n,n,n,n,n,n,n,n,n,n,n,n,n,n,n,n,n,HAM maid: Just like reagen pays social security,0 0 0 1 0 1 2 0 0 3 0 0 4 0 0 0 1 0 1 1 1 2 1 0 3 1 0 4 1 0 0 2 0 1 2 0 2 2 0 3 2 0 4 2 0 0 3 0 1 3 1 2 3 0 3 3 0 4 3 0 0 4 0 1 4 0 2 4 0 3 4 0 4 4 0 0 5 0 1 5 0 2 5 0 3 5 0 4 5 0
KATHY 5,4,25.05,1.0,0.0,100.0,0.0,n,n,n,n,n,n,n,n,n,n,n,n,n,n,n,n,n,n,n,n,n,n,n,n,"no more dumb jokes
",0 0 1 1 0 0 2 0 0 3 0 0 4 0 0 0 1 1 1 1 0 2 1 0 3 1 0 4 1 0 0 2 0 1 2 0 2 2 0 3 2 0 4 2 0 0 3 1 1 3 0 2 3 0 3 3 0 4 3 0 0 4 0 1 4 0 2 4 0 3 4 0 4 4 0 0 5 0 1 5 0 2 5 0 3 5 0 4 5 0
AMR 6,4,26.13,1.0,0.0,100.0,0.0,n,n,n,n,n,n,n,n,n,n,n,n,n,n,n,n,n,n,n,n,n,n,n,n,"that's real love + HAM: And so by chomping on the sacred tit
",0 0 1 1 0 0 2 0 0 3 0 0 4 0 0 0 1 1 1 1 0 2 1 0 3 1 0 4 1 0 0 2 0 1 2 0 2 2 0 3 2 0 4 2 0 0 3 1 1 3 0 2 3 0 3 3 0 4 3 0 0 4 0 1 4 0 2 4 0 3 4 0 4 4 0 0 5 0 1 5 0 2 5 0 3 5 0 4 5 0
AMR 6.5 ,4,7.2,0.8,0.0,100.0,0.0,4,24.46,1.0,0.0,100.0,0.0,n,n,n,n,n,n,n,n,n,n,n,n,n,n,n,n,n,n,You don't have to be weaned baby / Kathy on A - slow listening,0 0 0 1 0 1 2 0 0 3 0 0 4 0 0 0 1 0 1 1 1 2 1 0 3 1 0 4 1 0 0 2 0 1 2 0 2 2 0 3 2 0 4 2 0 0 3 0 1 3 1 2 3 0 3 3 0 4 3 0 0 4 0 1 4 0 2 4 0 3 4 0 4 4 0 0 5 0 1 5 0 2 5 0 3 5 0 4 5 0
KATHY 6.7,4,31.31,1.0,0.0,100.0,0.0,n,n,n,n,n,n,n,n,n,n,n,n,n,n,n,n,n,n,n,n,n,n,n,n,this desperate poverty,0 0 1 1 0 0 2 0 0 3 0 0 4 0 0 0 1 1 1 1 0 2 1 0 3 1 0 4 1 0 0 2 0 1 2 0 2 2 0 3 2 0 4 2 0 0 3 1 1 3 0 2 3 0 3 3 0 4 3 0 0 4 0 1 4 0 2 4 0 3 4 0 4 4 0 0 5 0 1 5 0 2 5 0 3 5 0 4 5 0
AMR 7,4,37.36,1.0,0.0,100.0,0.0,n,n,n,n,n,n,n,n,n,n,n,n,n,n,n,n,n,n,n,n,n,n,n,n,you've certainly got the brains of a rich man,0 0 1 1 0 0 2 0 0 3 0 0 4 0 0 0 1 1 1 1 0 2 1 0 3 1 0 4 1 0 0 2 0 1 2 0 2 2 0 3 2 0 4 2 0 0 3 1 1 3 0 2 3 0 3 3 0 4 3 0 0 4 0 1 4 0 2 4 0 3 4 0 4 4 0 0 5 0 1 5 0 2 5 0 3 5 0 4 5 0
KATHY 7,4,42.03,1.0,0.0,100.0,0.0,n,n,n,n,n,n,n,n,n,n,n,n,n,n,n,n,n,n,n,n,n,n,n,n,"this absence of love - I think it's taboo that fascinates me



",0 0 1 1 0 0 2 0 0 3 0 0 4 0 0 0 1 1 1 1 0 2 1 0 3 1 0 4 1 0 0 2 0 1 2 0 2 2 0 3 2 0 4 2 0 0 3 1 1 3 0 2 3 0 3 3 0 4 3 0 0 4 0 1 4 0 2 4 0 3 4 0 4 4 0 0 5 0 1 5 0 2 5 0 3 5 0 4 5 0
AMR 8,4,7.13,1.0,0.0,100.0,0.0,n,n,n,n,n,n,n,n,n,n,n,n,n,n,n,n,n,n,n,n,n,n,n,n,Your plan to marry Ophelia for her money,0 0 1 1 0 0 2 0 0 3 0 0 4 0 0 0 1 1 1 1 0 2 1 0 3 1 0 4 1 0 0 2 0 1 2 0 2 2 0 3 2 0 4 2 0 0 3 1 1 3 0 2 3 0 3 3 0 4 3 0 0 4 0 1 4 0 2 4 0 3 4 0 4 4 0 0 5 0 1 5 0 2 5 0 3 5 0 4 5 0
KATHY 8,4,37.77,1.0,0.0,100.0,0.0,n,n,n,n,n,n,n,n,n,n,n,n,n,n,n,n,n,n,n,n,n,n,n,n,"I'll take away some of their trade
",0 0 1 1 0 0 2 0 0 3 0 0 4 0 0 0 1 1 1 1 0 2 1 0 3 1 0 4 1 0 0 2 0 1 2 0 2 2 0 3 2 0 4 2 0 0 3 1 1 3 0 2 3 0 3 3 0 4 3 0 0 4 0 1 4 0 2 4 0 3 4 0 4 4 0 0 5 0 1 5 0 2 5 0 3 5 0 4 5 0
AMR 9 ,4,37.37,1.0,0.0,100.0,0.0,n,n,n,n,n,n,n,n,n,n,n,n,n,n,n,n,n,n,n,n,n,n,n,n,What? Are you going to open a mortuary??,0 0 1 1 0 0 2 0 0 3 0 0 4 0 0 0 1 1 1 1 0 2 1 0 3 1 0 4 1 0 0 2 0 1 2 0 2 2 0 3 2 0 4 2 0 0 3 1 1 3 0 2 3 0 3 3 0 4 3 0 0 4 0 1 4 0 2 4 0 3 4 0 4 4 0 0 5 0 1 5 0 2 5 0 3 5 0 4 5 0
KATHY 9,4,37.97,1.0,0.0,100.0,0.0,n,n,n,n,n,n,n,n,n,n,n,n,n,n,n,n,n,n,n,n,n,n,n,n,"I'm going to make dead people
",0 0 1 1 0 0 2 0 0 3 0 0 4 0 0 0 1 1 1 1 0 2 1 0 3 1 0 4 1 0 0 2 0 1 2 0 2 2 0 3 2 0 4 2 0 0 3 1 1 3 0 2 3 0 3 3 0 4 3 0 0 4 0 1 4 0 2 4 0 3 4 0 4 4 0 0 5 0 1 5 0 2 5 0 3 5 0 4 5 0
AMR 9.5,4,7.19,1.0,0.0,100.0,0.0,4,2.67,1.0,0.0,100.0,0.0,n,n,n,n,n,n,n,n,n,n,n,n,n,n,n,n,n,n,the last time you wrote a play the printer _ KATHY: there's you 3.27 - there was me,0 0 0 1 0 1 2 0 0 3 0 0 4 0 0 0 1 0 1 1 1 2 1 0 3 1 0 4 1 0 0 2 0 1 2 0 2 2 0 3 2 0 4 2 0 0 3 0 1 3 1 2 3 0 3 3 0 4 3 0 0 4 0 1 4 0 2 4 0 3 4 0 4 4 0 0 5 0 1 5 0 2 5 0 3 5 0 4 5 0
KATHY 13,4,40.99,1.0,0.0,100.0,0.0,n,n,n,n,n,n,n,n,n,n,n,n,n,n,n,n,n,n,n,n,n,n,n,n,IHAMLET: I'll be a representational painter ,0 0 1 1 0 0 2 0 0 3 0 0 4 0 0 0 1 1 1 1 0 2 1 0 3 1 0 4 1 0 0 2 0 1 2 0 2 2 0 3 2 0 4 2 0 0 3 1 1 3 0 2 3 0 3 3 0 4 3 0 0 4 0 1 4 0 2 4 0 3 4 0 4 4 0 0 5 0 1 5 0 2 5 0 3 5 0 4 5 0
AMR 14,4,44.66,1.0,0.0,100.0,0.0,n,n,n,n,n,n,n,n,n,n,n,n,n,n,n,n,n,n,n,n,n,n,n,n,Beginning - How much you want money -> you haven't paid your bills,0 0 1 1 0 0 2 0 0 3 0 0 4 0 0 0 1 1 1 1 0 2 1 0 3 1 0 4 1 0 0 2 0 1 2 0 2 2 0 3 2 0 4 2 0 0 3 1 1 3 0 2 3 0 3 3 0 4 3 0 0 4 0 1 4 0 2 4 0 3 4 0 4 4 0 0 5 0 1 5 0 2 5 0 3 5 0 4 5 0
AMR 15,4,7.76,1.0,0.0,100.0,0.0,n,n,n,n,n,n,n,n,n,n,n,n,n,n,n,n,n,n,n,n,n,n,n,n,OPTION 2: choosing to be an artist -> Hamlet they're here to arrest you (END),0 0 1 1 0 0 2 0 0 3 0 0 4 0 0 0 1 1 1 1 0 2 1 0 3 1 0 4 1 0 0 2 0 1 2 0 2 2 0 3 2 0 4 2 0 0 3 1 1 3 0 2 3 0 3 3 0 4 3 0 0 4 0 1 4 0 2 4 0 3 4 0 4 4 0 0 5 0 1 5 0 2 5 0 3 5 0 4 5 0
R and J blackout screens,0,0.0,1.0,0.0,100.0,0.0,n,n,n,n,n,n,n,n,n,n,n,n,n,n,n,n,n,n,n,n,n,n,n,n,,0 0 1 1 0 0 2 0 0 3 0 0 4 0 0 0 1 1 1 1 0 2 1 0 3 1 0 4 1 0 0 2 0 1 2 0 2 2 0 3 2 0 4 2 0 0 3 1 1 3 0 2 3 0 3 3 0 4 3 0 0 4 0 1 4 0 2 4 0 3 4 0 4 4 0 0 5 0 1 5 0 2 5 0 3 5 0 4 5 0
ASMR,19,0.0,1.0,0.0,100.0,0.0,n,n,n,n,n,n,n,n,n,n,n,n,n,n,n,n,n,n,n,n,n,n,n,n,,0 0 1 1 0 0 2 0 0 3 0 0 4 0 0 0 1 1 1 1 0 2 1 0 3 1 0 4 1 0 0 2 0 1 2 0 2 2 0 3 2 0 4 2 0 0 3 1 1 3 0 2 3 0 3 3 0 4 3 0 0 4 0 1 4 0 2 4 0 3 4 0 4 4 0 0 5 0 1 5 0 2 5 0 3 5 0 4 5 0
Erin ASMR,19,0.0,1.0,0.0,100.0,0.0,n,n,n,n,n,n,n,n,n,n,n,n,n,n,n,n,n,n,n,n,n,n,n,n,,0 0 1 1 0 0 2 0 0 3 0 0 4 0 0 0 1 1 1 1 0 2 1 0 3 1 0 4 1 0 0 2 0 1 2 0 2 2 0 3 2 0 4 2 0 0 3 1 1 3 0 2 3 0 3 3 0 4 3 0 0 4 0 1 4 0 2 4 0 3 4 0 4 4 0 0 5 0 1 5 0 2 5 0 3 5 0 4 5 0
cat video comp,20,0.0,1.0,0.0,100.0,0.0,n,n,n,n,n,n,n,n,n,n,n,n,n,n,n,n,n,n,n,n,n,n,n,n,,0 0 1 1 0 0 2 0 0 3 0 0 4 0 0 0 1 1 1 1 0 2 1 0 3 1 0 4 1 0 0 2 0 1 2 0 2 2 0 3 2 0 4 2 0 0 3 1 1 3 0 2 3 0 3 3 0 4 3 0 0 4 0 1 4 0 2 4 0 3 4 0 4 4 0 0 5 0 1 5 0 2 5 0 3 5 0 4 5 0
kathy laugh,17,61.22,1.0,0.0,100.0,0.0,n,n,n,n,n,n,n,n,n,n,n,n,n,n,n,n,n,n,n,n,n,n,n,n,,0 0 1 1 0 0 2 0 0 3 0 0 4 0 0 0 1 1 1 1 0 2 1 0 3 1 0 4 1 0 0 2 0 1 2 0 2 2 0 3 2 0 4 2 0 0 3 1 1 3 0 2 3 0 3 3 0 4 3 0 0 4 0 1 4 0 2 4 0 3 4 0 4 4 0 0 5 0 1 5 0 2 5 0 3 5 0 4 5 0
Secret Tape - KA talk,17,61.26,1.0,0.0,100.0,0.0,n,n,n,n,n,n,n,n,n,n,n,n,n,n,n,n,n,n,n,n,n,n,n,n,Alan dick,0 0 1 1 0 0 2 0 0 3 0 0 4 0 0 0 1 1 1 1 0 2 1 0 3 1 0 4 1 0 0 2 0 1 2 0 2 2 0 3 2 0 4 2 0 0 3 1 1 3 0 2 3 0 3 3 0 4 3 0 0 4 0 1 4 0 2 4 0 3 4 0 4 4 0 0 5 0 1 5 0 2 5 0 3 5 0 4 5 0
start of PARAGNELIA,15,0.0,1.0,0.0,100.0,-5.0,n,n,n,n,n,n,n,n,n,n,n,n,n,n,n,n,n,n,n,n,n,n,n,n,,0 0 0 1 0 0 2 0 0 3 0 0 4 0 0 0 1 0 1 1 0 2 1 0 3 1 0 4 1 0 0 2 0 1 2 0 2 2 0 3 2 0 4 2 0 0 3 1 1 3 0 2 3 0 3 3 0 4 3 0 0 4 0 1 4 0 2 4 0 3 4 0 4 4 0 0 5 0 1 5 0 2 5 0 3 5 0 4 5 0
ramp speed,n,n,2.5,5.0,n,-5.0,n,n,n,n,n,n,n,n,n,n,n,n,n,n,n,n,n,n,n,n,n,n,n,n,"START at 1.23
",0 0 1 1 0 0 2 0 0 3 0 0 4 0 0 0 1 1 1 1 0 2 1 0 3 1 0 4 1 0 0 2 0 1 2 0 2 2 0 3 2 0 4 2 0 0 3 1 1 3 0 2 3 0 3 3 0 4 3 0 0 4 0 1 4 0 2 4 0 3 4 0 4 4 0 0 5 0 1 5 0 2 5 0 3 5 0 4 5 0
50 - beg of french,15,5.32,1.0,0.0,100.0,0.0,n,n,n,n,n,n,n,n,n,n,n,n,n,n,n,n,n,n,n,n,n,n,n,n,"1st section
",0 0 1 1 0 0 2 0 0 3 0 0 4 0 0 0 1 1 1 1 0 2 1 0 3 1 0 4 1 0 0 2 0 1 2 0 2 2 0 3 2 0 4 2 0 0 3 1 1 3 0 2 3 0 3 3 0 4 3 0 0 4 0 1 4 0 2 4 0 3 4 0 4 4 0 0 5 0 1 5 0 2 5 0 3 5 0 4 5 0
55,15,23.56,1.0,0.0,100.0,0.0,n,n,n,n,n,n,n,n,n,n,n,n,n,n,n,n,n,n,n,n,n,n,n,n,til 27.5 - second section,0 0 1 1 0 0 2 0 0 3 0 0 4 0 0 0 1 1 1 1 0 2 1 0 3 1 0 4 1 0 0 2 0 1 2 0 2 2 0 3 2 0 4 2 0 0 3 1 1 3 0 2 3 0 3 3 0 4 3 0 0 4 0 1 4 0 2 4 0 3 4 0 4 4 0 0 5 0 1 5 0 2 5 0 3 5 0 4 5 0
56,15,46.59,1.0,0.0,100.0,0.0,n,n,n,n,n,n,n,n,n,n,n,n,n,n,n,n,n,n,n,n,n,n,n,n,"til 48.52
",0 0 1 1 0 0 2 0 0 3 0 0 4 0 0 0 1 1 1 1 0 2 1 0 3 1 0 4 1 0 0 2 0 1 2 0 2 2 0 3 2 0 4 2 0 0 3 1 1 3 0 2 3 0 3 3 0 4 3 0 0 4 0 1 4 0 2 4 0 3 4 0 4 4 0 0 5 0 1 5 0 2 5 0 3 5 0 4 5 0
57,15,46.57,1.0,0.0,100.0,0.0,n,n,n,n,n,n,n,n,n,n,n,n,n,n,n,n,n,n,n,n,n,n,n,n,"til 56.3
",0 0 1 1 0 0 2 0 0 3 0 0 4 0 0 0 1 1 1 1 0 2 1 0 3 1 0 4 1 0 0 2 0 1 2 0 2 2 0 3 2 0 4 2 0 0 3 1 1 3 0 2 3 0 3 3 0 4 3 0 0 4 0 1 4 0 2 4 0 3 4 0 4 4 0 0 5 0 1 5 0 2 5 0 3 5 0 4 5 0
58,15,55.03,1.0,0.0,100.0,0.0,n,n,n,n,n,n,n,n,n,n,n,n,n,n,n,n,n,n,n,n,n,n,n,n,"to 56.96
",0 0 1 1 0 0 2 0 0 3 0 0 4 0 0 0 1 1 1 1 0 2 1 0 3 1 0 4 1 0 0 2 0 1 2 0 2 2 0 3 2 0 4 2 0 0 3 0 1 3 0 2 3 0 3 3 0 4 3 0 0 4 0 1 4 0 2 4 0 3 4 0 4 4 0 0 5 0 1 5 0 2 5 0 3 5 0 4 5 0
59,15,68.02,1.0,0.0,100.0,0.0,n,n,n,n,n,n,n,n,n,n,n,n,n,n,n,n,n,n,n,n,n,n,n,n,,0 0 1 1 0 0 2 0 0 3 0 0 4 0 0 0 1 1 1 1 0 2 1 0 3 1 0 4 1 0 0 2 0 1 2 0 2 2 0 3 2 0 4 2 0 0 3 0 1 3 0 2 3 0 3 3 0 4 3 0 0 4 0 1 4 0 2 4 0 3 4 0 4 4 0 0 5 0 1 5 0 2 5 0 3 5 0 4 5 0
60,15,87.05,1.0,0.0,100.0,0.0,n,n,n,n,n,n,n,n,n,n,n,n,n,n,n,n,n,n,n,n,n,n,n,n,"to 89.8

",0 0 1 1 0 0 2 0 0 3 0 0 4 0 0 0 1 1 1 1 0 2 1 0 3 1 0 4 1 0 0 2 0 1 2 0 2 2 0 3 2 0 4 2 0 0 3 1 1 3 0 2 3 0 3 3 0 4 3 0 0 4 0 1 4 0 2 4 0 3 4 0 4 4 0 0 5 0 1 5 0 2 5 0 3 5 0 4 5 0
61,15,97.4,1.0,0.0,100.0,0.0,n,n,n,n,n,n,n,n,n,n,n,n,n,n,n,n,n,n,n,n,n,n,n,n,,0 0 1 1 0 0 2 0 0 3 0 0 4 0 0 0 1 1 1 1 0 2 1 0 3 1 0 4 1 0 0 2 0 1 2 0 2 2 0 3 2 0 4 2 0 0 3 0 1 3 0 2 3 0 3 3 0 4 3 0 0 4 0 1 4 0 2 4 0 3 4 0 4 4 0 0 5 0 1 5 0 2 5 0 3 5 0 4 5 0
MOONSTRUCK,16,0.0,1.0,0.0,100.0,0.0,n,n,n,n,n,n,n,n,n,n,n,n,n,n,n,n,n,n,n,n,n,n,n,n,,0 0 1 1 0 0 2 0 0 3 0 0 4 0 0 0 1 1 1 1 0 2 1 0 3 1 0 4 1 0 0 2 0 1 2 0 2 2 0 3 2 0 4 2 0 0 3 1 1 3 0 2 3 0 3 3 0 4 3 0 0 4 0 1 4 0 2 4 0 3 4 0 4 4 0 0 5 0 1 5 0 2 5 0 3 5 0 4 5 0
greek video clip,12,0.0,1.0,0.0,100.0,0.0,n,n,n,n,n,n,n,n,n,n,n,n,n,n,n,n,n,n,n,n,n,n,n,n,,0 0 1 1 0 0 2 0 0 3 0 0 4 0 0 0 1 1 1 1 0 2 1 0 3 1 0 4 1 0 0 2 0 1 2 0 2 2 0 3 2 0 4 2 0 0 3 1 1 3 0 2 3 0 3 3 0 4 3 0 0 4 0 1 4 0 2 4 0 3 4 0 4 4 0 0 5 0 1 5 0 2 5 0 3 5 0 4 5 0
SPIDER DANCE,17,93.91,1.0,0.0,100.0,0.0,17,93.91,1.0,0.0,100.0,0.0,n,n,n,n,n,n,n,n,n,n,n,n,n,n,n,n,n,n,Alan talk,0 0 1 1 0 0 2 0 0 3 0 0 4 0 0 0 1 1 1 1 0 2 1 0 3 1 0 4 1 0 0 2 0 1 2 0 2 2 0 3 2 0 4 2 0 0 3 1 1 3 0 2 3 0 3 3 0 4 3 0 0 4 0 1 4 0 2 4 0 3 4 0 4 4 0 0 5 0 1 5 0 2 5 0 3 5 0 4 5 0
B BUS,n,n,n,n,n,n,6,45.67,0.4,0.0,200.0,0.0,n,n,n,n,n,n,n,n,n,n,n,n,n,n,n,n,n,n,cat,0 0 0 1 0 0 2 0 0 3 0 0 4 0 0 0 1 0 1 1 0 2 1 0 3 1 0 4 1 0 0 2 0 1 2 0 2 2 0 3 2 0 4 2 0 0 3 0 1 3 0 2 3 0 3 3 0 4 3 0 0 4 0 1 4 0 2 4 0 3 4 0 4 4 0 0 5 0 1 5 0 2 5 0 3 5 0 4 5 0
